 zip_pick | zip_drop | distance_meters | distance_miles
----------+----------+-----------------+----------------
 98386    | 98388    |         1632491 |      1020.3071
 98388    | 98393    |         1643548 |      1027.2173
 98388    | 98394    |         1628841 |     1018.02563
 98388    | 98395    |         1610623 |     1006.63947
 98388    | 98548    |         1714794 |      1071.7462
 98388    | 98555    |         1689062 |      1055.6638
 98388    | 98560    |         1681728 |      1051.0798
 98388    | 98524    |         1639931 |      1024.9572
 98388    | 98528    |         1658080 |      1036.2998
 98388    | 98546    |         1663608 |      1039.7548
 98388    | 98584    |         1649543 |      1030.9645
 98388    | 98588    |         1663103 |      1039.4392
 98388    | 98592    |         1661994 |      1038.7462
 98388    | 99401    |         1198311 |       748.9441
 98388    | 99402    |         1178813 |      736.75836
 98388    | 99403    |         1168569 |      730.35583
 98388    | 99361    |         1180294 |       737.6839
 98388    | 99362    |         1155994 |      722.49646
 98388    | 99363    |         1180966 |        738.104
 98388    | 99371    |         1240851 |       775.5318
 98388    | 98398    |         1471270 |      919.54376
 98388    | 98392    |         1671498 |       1044.686